p1,  -2.567150,  1.454705,  82.647527
p2,  -11.602996,  -18.623070,  85.302475
p3,  -17.043456,  -5.983325,  74.538895
p4,  -4.195704,  -2.450523,  45.287650
p5,  -28.375420,  -2.785712,  45.960279
p6,  -50.901905,  -1.422759,  37.440368
p7,  -47.774189,  11.721487,  43.421628
p8,  -18.972992,  8.470570,  46.993579
p9,  -34.483738,  8.214698,  26.324767
p10,  -23.300168,  2.539125,  46.932637
p11,  -35.516378,  8.416171,  30.927847
p12,  -12.169492,  -21.597926,  27.166716
p13,  -15.461228,  -26.235676,  65.651517
p14,  4.019090,  -9.195437,  38.100927
p15,  10.924509,  -13.116687,  45.612861
p16,  1.315016,  -10.340873,  58.396288
p17,  26.784806,  -25.899849,  74.236297
p18,  24.281893,  -20.326528,  62.447270
p19,  18.541269,  -17.273485,  62.042590
p20,  25.755650,  -23.811043,  84.095663
p21,  -9.157222,  5.399936,  62.172098
p22,  -10.765906,  -16.027005,  66.929608
p23,  -6.721883,  -20.470156,  57.046520
p24,  -13.147841,  -9.230086,  42.444009
p25,  -15.174604,  -2.040205,  86.868131
p26,  -21.091082,  -10.540144,  84.922061
p27,  -47.879050,  1.653298,  89.617003
p28,  -40.509944,  12.366586,  75.936738
p29,  -59.900364,  3.053233,  38.506615
p30,  -72.699709,  17.521976,  46.926328
p31,  -80.400831,  21.648457,  -0.353544
p32,  -80.179381,  24.096654,  9.918979
p33,  -73.024788,  26.821766,  10.501499
p34,  -67.402149,  24.340520,  5.323939
p35,  -63.600498,  17.068893,  15.287828
p36,  -58.937347,  7.520792,  20.854998
p37,  -60.777090,  12.708158,  31.292981
p38,  -61.866816,  5.018897,  27.541387
p39,  -55.403956,  -9.483005,  -2.163387
p40,  -38.375558,  -12.844313,  10.128236
p41,  -43.090172,  -0.873356,  20.759497
p42,  -39.007900,  7.676730,  33.054569
p43,  -37.603358,  8.258581,  32.135476
p44,  -38.663617,  -2.864581,  58.239231
p45,  -26.742480,  -6.700297,  63.132632
p46,  -32.460483,  -5.265955,  71.038302
p47,  -19.166848,  -9.944324,  92.770089
p48,  -15.122889,  -7.531567,  91.434351
p49,  -13.232275,  -14.732964,  85.530930
p50,  -23.824755,  -10.744730,  92.466998
p51,  -31.950153,  -5.536088,  103.269108
p52,  -30.700937,  -1.330488,  98.828770
p53,  -24.938127,  -11.777604,  88.718243
p54,  -46.927462,  -0.038501,  74.470577
p55,  -50.473502,  1.764832,  77.173780
p56,  -59.561365,  -12.214514,  67.387947
p57,  -61.286745,  -5.836547,  50.475455
p58,  -64.241246,  4.823376,  33.761883
p59,  -67.161664,  16.258791,  59.331523
p60,  -50.259939,  14.428616,  65.341838
p61,  -47.995179,  19.410670,  59.267669
p62,  -54.287528,  6.815607,  55.600449
p63,  -61.927610,  -5.212445,  64.828812
p64,  -29.570387,  7.922628,  33.217755
p65,  -32.430804,  14.711531,  43.912979
p66,  -41.091467,  -0.337316,  33.001551
p67,  -37.762920,  4.081286,  0.438246
p68,  -44.150943,  -15.317453,  -8.495223
p69,  -52.048302,  -11.373917,  -3.669595
p70,  -42.471297,  -20.254668,  3.426894
p71,  -33.848730,  -13.802903,  13.824906
p72,  -39.983835,  -5.232791,  18.866006
p73,  -10.924262,  3.543127,  18.268571
p74,  -28.282956,  4.409077,  16.412892
p75,  -36.392615,  1.192797,  22.903263
p76,  -35.111610,  -10.943536,  1.315171
p77,  -59.287040,  9.874097,  -13.046186
p78,  -60.517276,  14.979073,  -27.347152
p79,  -57.000928,  6.305614,  -30.957780
p80,  -48.539893,  -0.426319,  -33.191416
p81,  -49.724857,  8.219413,  -39.370233
p82,  -53.896576,  11.321166,  -32.450839
p83,  -28.506370,  -12.876811,  -20.682400
p84,  -26.164841,  4.088229,  0.005750
p85,  -16.759898,  -16.616180,  -8.703765
p86,  -34.603220,  -18.456590,  1.404220
p87,  -18.242513,  -8.146725,  -22.698538
p88,  -35.672694,  1.802350,  -20.487613
p89,  -17.109859,  -0.577140,  -6.613664
p90,  -23.793756,  -8.334028,  12.987427
p91,  -26.324628,  8.071149,  11.491783
p92,  -41.429122,  -10.504602,  16.757091
p93,  -31.743129,  -12.014360,  38.448829
p94,  17.910750,  -7.649427,  44.685721
p95,  1.853977,  -13.018787,  71.622976
p96,  2.104060,  -2.054348,  22.464578
p97,  8.659234,  3.285202,  10.212763
p98,  7.573879,  -1.079149,  13.848823
p99,  6.599617,  -4.939426,  62.706525
p100,  25.918811,  -15.291349,  62.467390
p101,  -17.446157,  -0.313856,  30.805118
p102,  -11.812473,  -27.436313,  48.728526
p103,  -15.355469,  -2.957225,  -11.186752
p104,  -14.573262,  -17.137022,  -47.127489
p105,  -10.351770,  3.541861,  -10.666659
p106,  -75.069651,  18.293892,  -12.918549
p107,  -58.775162,  19.046491,  -24.774396
p108,  -70.285542,  2.879093,  -20.432897
p109,  -75.308713,  5.197258,  -1.633913
p110,  -59.878206,  10.441524,  -3.043863
p111,  -51.159053,  20.431759,  -5.399909
p112,  -50.077811,  13.229430,  38.582862
p113,  -46.628310,  2.274772,  60.293992
p114,  -54.948473,  1.252862,  72.821370
p115,  -51.872092,  -18.753299,  61.926147
p116,  -60.987713,  -22.864855,  87.113329
p117,  -76.618678,  -14.365864,  66.071472
p118,  -65.182629,  -0.639752,  39.383189
p119,  -78.690901,  8.908373,  46.136563
p120,  -70.187919,  9.397583,  39.618052
p121,  -93.047490,  24.641208,  12.154852
p122,  -106.045559,  21.416680,  -5.436920
p123,  -84.925809,  6.656083,  -1.845459
p124,  -100.772928,  20.427018,  -9.699314
p125,  -106.466202,  39.127255,  -11.655261
p126,  -90.226798,  34.488579,  -15.300624
p127,  -86.592373,  11.614289,  -20.799626
p128,  -96.539886,  15.390548,  -18.966214
p129,  -102.722154,  12.666888,  -21.217272
p130,  -89.978085,  16.575605,  -24.784087
p131,  -65.089780,  16.465569,  -18.309649
p132,  -70.780643,  19.803620,  -27.869994
p133,  -73.098228,  27.799173,  -35.970221
p134,  -59.290699,  23.874909,  -35.162822
p135,  -54.880473,  16.988121,  -25.891292
p136,  -74.620225,  18.889720,  -37.961043
p137,  -71.481554,  10.506511,  -41.742892
p138,  -71.244007,  20.210297,  -53.922461
p139,  -75.691439,  14.878156,  -56.637507
p140,  -70.244417,  29.402774,  -82.891027
p141,  -102.434775,  15.404854,  -93.329947
p142,  -72.955815,  6.803277,  -79.420331
p143,  -51.669954,  -7.762669,  -76.097316
p144,  -49.144159,  9.941266,  -65.594465
p145,  -38.805117,  23.700595,  -67.216586
p146,  -62.899098,  24.282717,  -67.766621
p147,  -70.520719,  8.740669,  -84.431058
p148,  -85.467981,  4.198528,  -101.438066
p149,  -97.985640,  22.793793,  -89.257318
p150,  -115.695577,  22.123831,  -107.082323
p151,  -84.610726,  9.940710,  -88.083603
p152,  -81.798133,  6.272155,  -128.589815
p153,  -73.873479,  21.203520,  -121.053054
p154,  -95.656442,  13.637365,  -124.329030
p155,  -75.616688,  18.986143,  -93.673661
p156,  -58.961494,  24.180107,  -76.686132
p157,  -71.523177,  28.988665,  -90.701724
p158,  -53.148550,  27.182625,  -79.940507
p159,  -79.981261,  20.089666,  -64.160443
p160,  -81.024770,  15.503164,  -57.768850
p161,  -66.693954,  19.680598,  -53.180352
p162,  -54.526266,  13.447823,  -56.044864
p163,  -84.416766,  30.811619,  -68.627493
p164,  -64.854045,  16.022804,  -59.602380
p165,  -66.671172,  3.466105,  -42.312071
p166,  -62.376113,  7.909597,  -54.236065
p167,  -69.288203,  -6.799092,  -26.944251
p168,  -67.735090,  28.180234,  -53.586173
p169,  -85.114655,  33.335576,  -69.597044
p170,  -83.699589,  32.122358,  -50.311013
p171,  -71.500395,  26.089561,  -34.623415
p172,  -78.298604,  21.480255,  -36.709082
p173,  -80.608630,  10.177217,  -42.056367
p174,  -84.876178,  18.343921,  -65.386145
p175,  -85.618818,  32.447360,  -55.885657
p176,  -73.088110,  29.523812,  -61.544288
p177,  -100.083377,  29.812696,  -58.193570
p178,  -120.280107,  36.509370,  -50.006569
p179,  -136.288962,  28.289419,  -51.859225
p180,  -148.377893,  46.681240,  -67.072659
p181,  -139.095381,  40.172377,  -56.598768
p182,  -129.471599,  34.653786,  -31.916825
p183,  -139.047299,  7.429582,  -37.791960
p184,  -152.838651,  10.538123,  -50.842770
p185,  -122.050539,  37.618284,  -59.978714
p186,  -130.910007,  29.579112,  -47.396545
p187,  -133.055938,  41.443758,  -62.284554
p188,  -129.522505,  23.747328,  -72.574564
p189,  -145.669470,  29.126610,  -54.402915
p190,  -127.121816,  22.867691,  -51.439927
p191,  -134.661515,  20.013219,  -95.376198
p192,  -116.518963,  36.530894,  -103.002700
p193,  -99.948026,  32.421860,  -110.097324
p194,  -105.370012,  27.702396,  -118.851130
p195,  -108.424187,  32.075996,  -117.626702
p196,  -96.446081,  21.835410,  -85.522030
p197,  -87.286131,  -3.816969,  -80.784031
p198,  -106.210024,  21.906292,  -69.635158
p199,  -96.807042,  12.785172,  -57.567473
p200,  -117.279437,  29.554411,  -76.699628
p201,  -106.125584,  37.828249,  -58.572711
p202,  -108.803805,  38.357903,  -52.729005
p203,  -105.681600,  35.645992,  -79.161948
p204,  -115.837611,  41.807616,  -95.312981
p205,  -107.277809,  36.906104,  -86.985744
p206,  -137.943692,  47.932956,  -58.756321
p207,  -135.599825,  35.741169,  -55.923228
p208,  -126.455738,  35.762165,  -76.336812
p209,  -114.247234,  14.545469,  -94.169850
p210,  -130.433556,  31.219313,  -93.569495
p211,  -114.101320,  33.951001,  -71.991834
p212,  -108.997470,  14.795707,  -35.126737
p213,  -95.245760,  18.647618,  -38.742180
p214,  -76.819065,  -1.551340,  -57.088110
p215,  -80.222759,  -4.357260,  -16.973516
p216,  -79.589599,  6.338807,  -9.966829
p217,  -110.249420,  28.306615,  -34.759707
p218,  -120.985399,  29.434024,  -50.770704
p219,  -126.507441,  37.313956,  -51.064611
p220,  -108.795279,  21.385062,  -21.894020
p221,  -99.817835,  20.943217,  -19.485565
p222,  -89.087536,  -4.911063,  31.247246
p223,  -95.246928,  8.826566,  13.628453
p224,  -83.282512,  9.391226,  14.250195
p225,  -79.758235,  8.227180,  21.952742
p226,  -65.558159,  19.657973,  24.803043
p227,  -63.348230,  21.381594,  14.640202
p228,  -67.566741,  6.211988,  39.672664
p229,  -50.804199,  6.539597,  22.854190
p230,  -49.494614,  -1.144629,  34.800545
p231,  -36.874656,  7.868087,  6.412357
p232,  -33.227887,  13.851999,  5.878414
p233,  -22.028999,  -1.382659,  -5.932430
p234,  -27.765953,  6.117856,  0.479669
p235,  -38.529713,  7.130615,  9.750190
p236,  -6.575904,  11.564815,  -26.835799
p237,  5.028489,  4.346906,  6.761003
p238,  -43.272036,  7.480504,  -12.391535
p239,  -52.931658,  17.358755,  -19.619357
p240,  -48.620295,  -2.287457,  7.621659
p241,  -44.391494,  7.091901,  -18.445277
p242,  -46.091377,  -2.161309,  -25.319419
p243,  -59.764511,  5.729741,  -16.347669
p244,  -49.180665,  5.320380,  -21.682063
p245,  -30.674773,  -15.144308,  -30.295692
p246,  -33.241901,  5.443340,  -52.008697
p247,  0.254099,  -15.811300,  2.037435
p248,  -13.049848,  -6.632030,  9.269078
p249,  -14.894814,  -30.071503,  32.126616
p250,  -36.640937,  -14.372205,  -26.693406
p251,  -50.952703,  -12.535241,  -15.564830
p252,  -48.920266,  -6.765930,  -2.429435
p253,  -72.788618,  2.203640,  11.162519
p254,  -66.752875,  -14.122375,  15.526475
p255,  -73.817462,  -17.706745,  25.960928
p256,  -67.526508,  9.313271,  7.511282
p257,  -79.692726,  27.799344,  -8.440371
p258,  -90.679451,  17.544620,  0.142320
p259,  -89.611409,  11.575001,  7.864088
p260,  -107.387560,  30.682014,  26.969863
p261,  -73.445906,  8.780614,  27.805303
p262,  -59.855084,  24.667138,  -2.117499
p263,  -92.074806,  17.611638,  6.774124
p264,  -81.807182,  23.720508,  -11.444977
p265,  -116.190981,  22.444671,  -12.836019
p266,  -105.746856,  38.014243,  -22.391463
p267,  -147.963688,  51.630125,  -56.027142
p268,  -153.816515,  47.192974,  -85.421360
p269,  -97.191160,  27.663544,  -50.637787
p270,  -92.500040,  20.093310,  -78.060711
p271,  -95.215200,  21.190152,  -90.698468
p272,  -102.898267,  10.152302,  -80.137175
p273,  -76.254499,  1.338494,  -83.640708
p274,  -73.206520,  2.238960,  -116.554378
p275,  -75.934408,  19.785490,  -91.380324
p276,  -46.523541,  1.488882,  -81.660891
p277,  -55.466448,  8.969623,  -54.346547
p278,  -60.009217,  26.973068,  -38.075399
p279,  -99.179092,  1.566431,  -114.141143
p280,  -106.928876,  33.318037,  -29.602147
p281,  -70.780016,  -11.027922,  39.797497
p282,  -42.603555,  4.368112,  73.346652
p283,  -43.358680,  10.451727,  94.166166
p284,  -39.557962,  -10.691882,  73.476545
p285,  -15.464141,  -17.197658,  92.859728
p286,  -30.168462,  -6.645647,  63.439497
p287,  -26.903286,  6.968729,  54.198693
p288,  -36.606385,  13.826845,  50.525509
p289,  -55.494480,  10.167645,  50.266320
p290,  -54.018084,  -2.731213,  81.393485
p291,  -62.711541,  3.842323,  89.853551
p292,  -11.048592,  -0.965233,  81.143940
p293,  -54.278427,  -25.072182,  64.939172
p294,  -25.995296,  -20.256214,  68.186050
p295,  -23.223001,  -2.800707,  91.760852
p1,  -2.568559,  1.456028,  82.647998
p2,  -11.603531,  -18.622258,  85.303179
p3,  -17.043646,  -5.982714,  74.539322
p4,  -4.195726,  -2.449996,  45.288659
p5,  -28.374768,  -2.785423,  45.960993
p6,  -50.901113,  -1.422526,  37.441179
p7,  -47.773491,  11.721908,  43.422280
p8,  -18.972709,  8.470895,  46.994446
p9,  -34.483419,  8.214685,  26.325897
p10,  -23.300255,  2.539412,  46.933791
p11,  -35.515203,  8.415983,  30.928384
p12,  -12.169294,  -21.597760,  27.166792
p13,  -15.460735,  -26.235271,  65.652214
p14,  4.019779,  -9.195643,  38.101515
p15,  10.924864,  -13.116384,  45.613059
p16,  1.315617,  -10.340585,  58.396392
p17,  26.785394,  -25.899423,  74.236885
p18,  24.282162,  -20.326399,  62.448296
p19,  18.541231,  -17.272950,  62.043468
p20,  25.755549,  -23.810394,  84.096151
p1,  -112.459526,  19.812918,  -117.268163
p2,  -69.053361,  22.454102,  -105.320615
p3,  -85.861931,  42.251831,  -105.464773
p4,  -119.486244,  25.481322,  -73.963995
p5,  -55.080934,  6.769833,  -39.199289
p6,  -47.341850,  15.223231,  3.518595
p7,  -29.276508,  9.142112,  -33.279331
p8,  -65.917118,  15.977817,  -66.945811
p9,  -108.773444,  32.819832,  -74.309132
p10,  -88.340514,  34.469024,  -21.549204
p11,  -77.846194,  30.762024,  -142.109020
p12,  -82.973048,  29.482284,  30.228456
p13,  -30.108643,  7.181092,  43.823571
p14,  5.730826,  1.833093,  17.605088
p15,  -55.064091,  0.052922,  72.605292
p16,  -5.578680,  -3.285401,  37.100606
p17,  -44.384670,  17.748474,  24.534847
p18,  -79.753233,  6.264013,  7.383031
p19,  -75.667448,  16.827118,  -51.617072
p20,  -35.394805,  25.224010,  -66.018124
p21,  -99.298233,  15.989386,  -81.659598
p22,  -116.520640,  24.432715,  -55.828362
p23,  -71.047881,  14.684220,  -15.849237
p24,  -20.099109,  -10.180467,  31.574279
p25,  -78.198996,  10.745409,  -10.078631
p26,  -128.145806,  44.122341,  -65.624810
p27,  -61.764508,  19.027529,  -110.326478
p28,  -71.329811,  19.389307,  -103.941695
p29,  -84.371602,  25.601143,  -75.693509
p30,  -115.368921,  17.908639,  -22.228667
p31,  -73.265852,  -8.345320,  27.285157
p32,  -59.533489,  13.772460,  53.823436
p33,  -26.625328,  0.035712,  46.458412
p1,  -4.841628,  -0.193635,  79.850816
p2,  -13.450089,  -17.550155,  81.963440
p3,  -18.833366,  -5.816054,  71.005836
p4,  -7.991015,  -1.528284,  44.610429
p5,  -28.406068,  -3.517348,  42.064653
p6,  -48.764528,  -1.230115,  34.107358
p7,  -47.142158,  11.351780,  39.526215
p8,  -22.630934,  8.300847,  45.475787
p9,  -38.378482,  7.904057,  26.994549
p10,  -25.795690,  -0.446104,  46.175301
p11,  -36.441289,  5.104223,  28.956511
p12,  -15.946175,  -21.961503,  28.315163
p13,  -14.445074,  -25.895362,  61.835154
p14,  2.115634,  -9.669218,  34.656484
p15,  9.737581,  -16.876488,  45.204614
p16,  0.835593,  -14.273401,  58.266209
p17,  25.405409,  -28.650883,  71.738138
p18,  23.567890,  -24.185225,  61.887246
p19,  15.993303,  -20.296418,  61.757573
p20,  24.718840,  -23.262307,  80.309198
p21,  -9.846734,  2.848090,  59.218001
p22,  -13.059285,  -15.569021,  63.728970
p23,  -10.214768,  -18.837958,  57.966660
p24,  -16.390513,  -7.285699,  43.635348
p25,  -19.035414,  -2.409044,  86.047453
p26,  -24.656270,  -8.889040,  84.392568
p27,  -48.331800,  3.283288,  86.032114
p28,  -41.895407,  13.192575,  72.315579
p29,  -62.656452,  4.605054,  40.897178
p30,  -76.346394,  18.193703,  45.524107
p31,  -83.128287,  18.791344,  -0.014821
p32,  -80.783121,  20.371260,  8.707487
p33,  -74.088360,  23.160634,  9.414145
p34,  -68.703647,  20.606347,  5.040304
p35,  -63.770066,  13.209382,  14.396877
p36,  -60.621125,  4.105585,  19.752759
p37,  -61.842851,  8.924105,  30.781716
p38,  -63.765535,  1.539489,  27.572538
p39,  -58.841042,  -9.281173,  -0.196845
p40,  -41.579498,  -13.846685,  12.236509
p41,  -44.978346,  -4.315681,  20.211563
p42,  -39.855525,  3.838182,  32.543733
p43,  -38.520825,  4.417980,  31.787076
p44,  -39.271327,  -6.188205,  56.166484
p45,  -28.846012,  -10.060247,  63.127999
p46,  -32.452039,  -9.066976,  69.913729
p47,  -19.903765,  -13.829377,  92.493937
p48,  -16.628447,  -11.176957,  91.037936
p49,  -14.261079,  -18.352623,  86.776727
p50,  -27.505746,  -11.966014,  91.646079
p51,  -34.722221,  -7.146540,  100.938948
p52,  -33.941975,  -2.832795,  97.112172
p53,  -28.210919,  -10.587939,  90.611844
p54,  -49.454542,  -3.092521,  74.470043
p55,  -53.856884,  -0.296283,  77.047543
p56,  -63.522986,  -12.323263,  67.347233
p57,  -64.027822,  -6.300160,  53.301990
p58,  -66.653747,  2.252374,  35.574919
p59,  -68.457703,  12.743922,  58.035688
p60,  -53.718467,  12.832721,  64.245637
p61,  -50.156729,  16.102832,  58.952630
p62,  -54.746706,  5.138321,  52.038959
p63,  -60.256870,  -4.548837,  61.296113
p64,  -33.396086,  6.978622,  32.788590
p65,  -31.850783,  12.686672,  40.555723
p66,  -39.651308,  0.246301,  29.355363
p67,  -39.161819,  1.544202,  -2.266770
p68,  -45.501769,  -15.444213,  -12.219063
p69,  -51.171250,  -10.562633,  -7.448569
p70,  -40.732647,  -20.190022,  -0.134370
p71,  -32.897897,  -13.630446,  9.980974
p72,  -40.656030,  -8.302291,  16.450363
p73,  -12.689537,  0.082019,  17.484387
p74,  -29.143648,  0.782471,  15.065235
p75,  -37.557842,  -1.785882,  20.562985
p76,  -39.045499,  -11.281135,  0.968240
p77,  -60.950486,  6.277066,  -13.089537
p78,  -61.013267,  11.064716,  -27.722870
p79,  -58.812614,  2.801480,  -31.341013
p80,  -51.303732,  -2.386839,  -35.247357
p81,  -50.027688,  4.815754,  -41.378303
p82,  -52.630318,  9.359337,  -35.653915
p83,  -31.060961,  -12.411994,  -23.677268
p84,  -27.069120,  2.933641,  -3.676450
p85,  -17.736666,  -15.600121,  -12.408367
p86,  -31.740724,  -19.207024,  -1.233729
p87,  -20.061156,  -10.792051,  -25.022526
p88,  -36.301967,  -1.951945,  -21.594492
p89,  -20.696542,  -2.094800,  -5.875641
p90,  -26.757326,  -9.337640,  10.554409
p91,  -28.401720,  4.751315,  10.881432
p92,  -38.927375,  -11.916183,  14.025953
p93,  -29.133674,  -13.133160,  35.683531
p94,  15.162457,  -9.272476,  42.335551
p95,  3.416557,  -13.014519,  67.980194
p96,  1.739253,  -5.983069,  22.086150
p97,  5.535759,  1.993931,  8.141867
p98,  5.838653,  -4.570589,  13.132610
p99,  7.578473,  -6.599979,  59.243289
p100,  24.662822,  -14.432430,  58.807440
p101,  -18.463331,  -4.130530,  30.473969
p102,  -14.161183,  -25.781234,  45.997783
p103,  -16.722448,  -6.668356,  -11.467518
p104,  -18.163951,  -15.558080,  -46.547338
p105,  -14.054315,  4.624027,  -11.578089
p106,  -74.155189,  15.920732,  -15.958700
p107,  -61.683485,  16.501012,  -25.653650
p108,  -73.766679,  2.546666,  -22.299167
p109,  -77.385397,  3.147818,  -4.316726
p110,  -62.802089,  7.913338,  -3.921145
p111,  -54.397972,  18.279832,  -4.629248
p112,  -53.787633,  12.985898,  37.209008
p113,  -49.513932,  -0.029966,  58.855042
p114,  -55.969981,  -2.563060,  72.490454
p115,  -55.407688,  -18.668000,  63.716084
p116,  -60.570422,  -22.516486,  83.186982
p117,  -76.767672,  -12.757809,  62.451826
p118,  -79.417127,  5.017149,  45.928540
p119,  -74.121679,  9.757701,  39.297682
p120,  -93.458044,  22.124124,  9.121638
p121,  -106.339741,  17.907340,  -7.257016
p122,  -88.282034,  4.716634,  -2.670410
p123,  -103.771497,  17.970730,  -8.871251
p124,  -107.071440,  35.588031,  -13.335826
p125,  -93.020117,  31.693883,  -15.622047
p126,  -90.442648,  10.683557,  -20.649419
p127,  -97.736944,  11.834638,  -20.244538
p128,  -101.637738,  9.819779,  -23.750855
p129,  -90.804818,  12.699651,  -24.884389
p130,  -67.999181,  13.784131,  -18.548807
p131,  -72.376163,  16.589736,  -29.554739
p132,  -74.150337,  23.982292,  -36.178558
p133,  -62.462608,  22.257660,  -36.906084
p134,  -58.060495,  17.552072,  -28.189753
p135,  -77.067383,  17.988047,  -40.946030
p136,  -73.837415,  12.503018,  -44.227794
p137,  -73.298024,  19.670261,  -57.269313
p138,  -77.065708,  16.794462,  -59.823217
p139,  -73.909329,  29.843297,  -84.335806
p140,  -99.825322,  15.832102,  -96.283357
p141,  -72.226240,  7.376815,  -83.274021
p142,  -54.987304,  -6.396499,  -77.782511
p143,  -51.273909,  9.605529,  -68.920580
p144,  -42.150284,  21.724698,  -68.003226
p145,  -64.143663,  20.832328,  -69.270947
p146,  -74.079697,  7.023740,  -84.748872
p147,  -89.241365,  4.610783,  -100.296409
p148,  -98.881616,  19.584269,  -91.404474
p149,  -113.148066,  20.444325,  -109.612467
p150,  -87.338047,  11.444179,  -90.535608
p151,  -85.376677,  7.191934,  -127.150141
p152,  -75.992421,  17.927431,  -121.753256
p153,  -93.474143,  11.134075,  -126.497139
p154,  -76.155752,  15.086950,  -94.140940
p155,  -57.364826,  21.215810,  -78.777404
p156,  -72.060201,  25.210247,  -91.775076
p157,  -56.560475,  25.771655,  -81.384018
p158,  -79.754429,  19.307230,  -68.039865
p159,  -79.740740,  14.123516,  -61.255546
p160,  -66.724661,  18.358006,  -56.916857
p161,  -56.466156,  14.911247,  -59.176361
p162,  -85.028534,  27.627913,  -70.907751
p163,  -67.485095,  14.151625,  -61.901826
p164,  -69.242624,  3.747307,  -45.315624
p165,  -66.234076,  7.784391,  -53.333664
p166,  -71.526745,  -6.828377,  -30.215300
p167,  -69.462422,  24.620160,  -53.830429
p168,  -86.034806,  29.489603,  -69.870749
p169,  -82.392952,  28.916448,  -52.242905
p170,  -73.853546,  22.925118,  -35.022942
p171,  -80.190009,  18.056325,  -37.353248
p172,  -82.545012,  8.185808,  -44.884870
p173,  -88.597899,  17.616918,  -66.540959
p174,  -86.976861,  30.481334,  -59.047961
p175,  -76.900746,  30.321648,  -62.280111
p176,  -103.851287,  29.844906,  -59.427136
p177,  -121.319262,  35.883491,  -53.780286
p178,  -136.517873,  27.785915,  -55.784330
p179,  -147.698559,  43.557397,  -69.419612
p180,  -140.255043,  36.438409,  -57.260992
p181,  -130.276702,  33.150126,  -35.495362
p182,  -136.284894,  8.291026,  -40.500987
p183,  -151.847201,  11.049758,  -54.647147
p184,  -123.123635,  33.802609,  -59.905204
p185,  -130.818012,  25.971311,  -49.038665
p186,  -134.470449,  37.916084,  -63.408968
p187,  -132.306675,  23.868157,  -75.393570
p188,  -144.174900,  28.317379,  -57.983150
p189,  -125.817587,  22.937249,  -55.182388
p190,  -132.082046,  17.947366,  -97.562769
p191,  -117.576671,  32.716782,  -103.219493
p192,  -102.147659,  29.143595,  -109.731811
p193,  -106.353553,  23.920237,  -119.521686
p194,  -109.569084,  28.280416,  -117.653088
p195,  -98.515651,  20.788194,  -88.736999
p196,  -89.965234,  -2.170556,  -83.196254
p197,  -104.860763,  20.671873,  -73.150832
p198,  -99.440270,  12.028038,  -60.432116
p199,  -117.439124,  25.717453,  -77.682658
p200,  -107.337825,  34.220089,  -59.679620
p201,  -110.577704,  36.476962,  -55.733389
p202,  -108.701168,  33.760086,  -80.905501
p203,  -118.922354,  39.556579,  -94.247196
p204,  -110.512805,  36.753066,  -84.700712
p205,  -137.425808,  47.945967,  -62.684950
p206,  -137.023107,  34.842062,  -59.510754
p207,  -129.346993,  33.102025,  -76.864515
p208,  -117.564284,  16.517164,  -95.076474
p209,  -128.320141,  32.038302,  -96.820424
p210,  -114.487974,  30.073518,  -72.725282
p211,  -108.843045,  12.611352,  -38.430682
p212,  -95.845953,  15.067646,  -40.334617
p213,  -80.781183,  -1.637826,  -57.036233
p214,  -81.703999,  -3.875440,  -20.617806
p215,  -82.477066,  4.318177,  -11.779678
p216,  -111.246508,  24.486995,  -35.120543
p217,  -122.068178,  25.622956,  -50.924569
p218,  -128.060821,  33.692009,  -50.634261
p219,  -112.591470,  21.386795,  -23.034440
p220,  -102.927265,  22.455345,  -17.546914
p221,  -90.554284,  -4.741997,  27.569089
p222,  -97.532748,  6.739343,  11.154023
p223,  -83.897082,  5.533903,  13.574618
p224,  -78.425611,  7.448136,  18.302746
p225,  -67.465021,  17.770324,  21.885881
p226,  -65.618643,  19.404475,  12.061313
p227,  -68.425887,  6.889774,  35.863680
p228,  -54.692089,  7.213150,  22.478695
p229,  -51.658488,  0.987303,  32.254979
p230,  -40.183373,  10.049729,  6.490493
p231,  -36.758643,  15.246951,  7.019497
p232,  -25.944017,  -0.786991,  -5.758751
p233,  -30.856856,  5.996790,  -1.998587
p234,  -37.656865,  6.816993,  5.896868
p235,  -10.514093,  11.332610,  -26.452654
p236,  1.769924,  5.264648,  4.699078
p237,  -44.755909,  3.922316,  -13.314649
p238,  -54.191005,  13.614631,  -19.959892
p239,  -51.384918,  -3.965836,  5.331209
p240,  -48.113414,  5.737339,  -18.297590
p241,  -49.651939,  -3.705763,  -26.124538
p242,  -60.603447,  1.856856,  -16.460262
p243,  -49.990724,  1.461664,  -22.088133
p244,  -34.252733,  -14.534916,  -31.889300
p245,  -34.286424,  1.622714,  -52.170506
p246,  -2.517915,  -17.335858,  -0.350126
p247,  -12.693560,  -9.713175,  6.801249
p248,  -12.928115,  -29.156144,  28.809296
p249,  -40.511686,  -13.754667,  -26.101611
p250,  -54.869311,  -11.945007,  -15.720560
p251,  -52.684955,  -5.654447,  -1.879375
p252,  -73.806691,  1.028096,  7.517121
p253,  -69.965002,  -13.071971,  13.455785
p254,  -72.686018,  -16.480392,  22.366061
p255,  -70.726877,  9.973699,  9.755624
p256,  -82.472659,  28.174645,  -5.639234
p257,  -93.275351,  15.794202,  2.574049
p258,  -92.704130,  10.063052,  9.828586
p259,  -106.787163,  28.774002,  23.547170
p260,  -76.482064,  10.273226,  25.740315
p261,  -63.438354,  23.971317,  -0.569733
p262,  -94.898367,  15.353489,  8.399640
p263,  -85.089988,  24.641431,  -13.467332
p264,  -117.361784,  22.950557,  -16.589070
p265,  -109.391111,  36.659911,  -23.168581
p266,  -146.810102,  49.885676,  -59.392648
p267,  -154.724029,  43.344985,  -85.705912
p268,  -100.484831,  29.861221,  -50.829566
p269,  -93.136812,  16.181232,  -78.061321
p270,  -95.316241,  18.982435,  -93.989034
p271,  -102.031556,  9.828583,  -83.990924
p272,  -79.895191,  2.811852,  -83.110030
p273,  -76.886153,  3.422063,  -115.673235
p274,  -76.761205,  15.921820,  -91.691593
p275,  -48.381310,  3.447069,  -84.563637
p276,  -57.718175,  5.715900,  -54.591213
p277,  -60.414473,  27.289154,  -42.005640
p278,  -102.044980,  3.484325,  -112.183373
p279,  -106.808087,  32.290343,  -33.428306
p280,  -70.269697,  -9.746186,  36.081808
p281,  -45.766746,  5.526267,  75.436045
p282,  -45.067435,  6.957287,  94.929485
p283,  -40.717330,  -12.415131,  76.853221
p284,  -17.804069,  -16.520015,  89.733020
p285,  -32.312955,  -9.959353,  63.073788
p286,  -30.148194,  6.950695,  56.475912
p287,  -40.372869,  13.746595,  51.758585
p288,  -58.445812,  12.120906,  52.051819
p289,  -55.932403,  -2.656028,  84.863850
p290,  -64.321810,  0.224369,  89.677950
p291,  -14.711768,  0.541443,  80.997061
p292,  -52.995567,  -23.990707,  61.348078
p293,  -28.947751,  -18.776218,  70.378294
